0000000000000000000000000000011111111010111011111111111111000111|0001011000101111101110000101011011101110111101100|98|98|20080101|http://imgv2-2.scribdassets.com/img/word_user/36860160/98x98/140b142f30/1344834178	
0000000000000000000000001100100011011100111111100011111000000000|0101001010110110101101111000001011111000110001100|98|98|20131013|http://imgv2-1.scribdassets.com/img/word_user/30126549/98x98/8b3aa50d68/1344033805	
0000000000000000010111100011111001111111001111110011110000000000|0101101110101001011111100101101101001001111011001|98|98|20080101|http://imgv2-1.scribdassets.com/img/word_user/44997209/98x98/48071ce013/1346393259	
0000000000010000000100000001000000010000000100000001000000000000|0101010000111011101111011101101110001010110101010|212|164|20130414|http://imgv2-3.scribdassets.com/img/word_document/69877953/164x212/c021cd5184/1341947832	
0000000000010001110011011111111011111010111000001111100100111000|1110010010111100001111001010100100100100100011001|98|98|20131006|http://imgv2-1.scribdassets.com/img/word_user/38511142/98x98/2b9388f596/1343922109	
0000000001000000001011110011111100111111001111110000010101000111|1011011111000011111111100101010111100101110110111|98|98|20140307|http://imgv2-1.scribdassets.com/img/word_user/85362512/98x98/75b18ec0a4/1346639034	
0000000001000000010000010100100111111001111110011111101111111111|0110000100111010011111011111011101110011111011111|212|164|20130414|http://imgv2-2.scribdassets.com/img/word_document/54036896/164x212/adb89d7baf/1342172946	
0000000001000000011100001111100011111010111111100110110100000000|1100110011101110011111011100010000010111110111101|98|98|20130916|http://imgv2-1.scribdassets.com/img/word_user/24405996/98x98/f4841c7e19/1346828110	
0000000001100110000100000101110000001100001000100011011000000000|1110000101010101011111111101101010110101010111111|212|164|20130415|http://imgv2-1.scribdassets.com/img/word_document/81233645/164x212/48cc254a8c/1341942248	
0000000001101110011011001011111000111110000000001111111000000000|0110011110001111111100111110100100011010101000111|450|600|20140317|http://www.thedentedhelmet.com/attachments/f23/ms-3-earcaps-9.jpg-8233d1138695469	
0000000001110000000100000101111001111111000111110000001100000001|1100110111011100111110100011011001100111111101110|484|646|20140317|http://timesofindia.indiatimes.com/photo/16480565.cms	
0000000011111110001111101111111100111111000111110001100100000000|1110110110101100110011110110011110100101110001011|98|98|20140202|http://imgv2-1.scribdassets.com/img/word_user/64780589/98x98/ff79534e90/1347126640	
0000000011111111111001111000011111010111110001111101111100000000|1100011100111100010001100011011011001100111100010|212|164|20130415|http://imgv2-2.scribdassets.com/img/word_document/81190129/164x212/b2106764b6/1337874990	
0000000100000001000100110111111111111111001100110000000100000001|1111111111101111111111010010110111110001111111111|98|98|20130615|http://imgv2-1.scribdassets.com/img/word_user/34784802/98x98/6b652e127b/1345908506	
0000000100000001000100110111111111111111001100110000000100000001|1111111111101111111111010010110111110001111111111|98|98|20130615|http://imgv2-1.scribdassets.com/img/word_user/60003294/98x98/f84c94f963/1344744785	
0000000100000001000100110111111111111111001100110000000100000001|1111111111101111111111010010110111110001111111111|98|98|20130615|http://imgv2-1.scribdassets.com/img/word_user/85318801/98x98/f947350544/1347318995	
0000000100000001000100110111111111111111001100110000000100000001|1111111111101111111111010010110111110001111111111|98|98|20130615|http://imgv2-2.scribdassets.com/img/word_user/122119529/98x98/5dcd36252b/1346961826	
0000000100000001000100110111111111111111001100110000000100000001|1111111111101111111111010010110111110001111111111|98|98|20130615|http://imgv2-2.scribdassets.com/img/word_user/31297920/98x98/23552adae3/1345791462	
0000000100000001000100110111111111111111001100110000000100000001|1111111111101111111111010010110111110001111111111|98|98|20130615|http://imgv2-2.scribdassets.com/img/word_user/39972569/98x98/2be87df8b9/1340295735	
0000000100000011001000110100110100100010000000110000001100000001|1101011111110101111001011010100001001001011100111|508|640|20111117|http://latimesblogs.latimes.com/.a/6a00d8341c630a53ef015437061cba970c-pi	
0000000100000101010011111111101111010111000011010000100100000011|1101100000111100110011111101111111110101001100100|540|811|20140316|http://mcenter.slideshowpro.com/albums/027/935/album-251689/cache/dp310288.sJPG_900_540_0_95_1_50_50.sJPG?1361740336	
0000000100001011000000010011111111111100100110001100001100001000|0100011111100111110100010110110111110010101011010|300|400|20120818|http://imagesus.homeaway.com/mda01/a2865ead-7eb8-42b6-b6f2-0aa90760e89a.1.12	
0000001010001110110000101100010010110111100001001111110011111000|0110000100100001011110000000110011000111111100101|98|98|20130325|http://imgv2-1.scribdassets.com/img/word_user/37387064/98x98/1b6bb3904d/1345678242	
0000010110110111111111010101010011010111010111100111111100100111|1011010011011100111001101111101001010010000110011|98|98|20140314|http://imgv2-1.scribdassets.com/img/word_user/42481959/98x98/faef30a40c/1343556401	
0000011011010000100111001111000011011010111101011111001111101001|1010010001001001001101000100000100101110111011101|98|98|20130927|http://imgv2-1.scribdassets.com/img/word_user/47902769/98x98/cef35d585e/1341538430	
0000011100000011000000110011111100000011000010010000110100011111|0110101001001110010110010111001101111011000110010|540|379|20140317|http://mcenter.slideshowpro.com/albums/027/935/album-240746/cache/0623411nhldraft7A.sJPG_900_540_0_95_1_50_50.sJPG?1360860273	
0000011100000111010000000101111111111011011110110000000000010110|0110110101111011000011001101101111011000111001011|98|98|20140221|http://imgv2-2.scribdassets.com/img/word_user/47751290/98x98/0e8ed3d44d/1346833864	
0000011100000111010100011011111010000001110011011111100010101100|0110100001010101000101110001000011111011001001110|540|473|20140312|http://mcenter.slideshowpro.com/albums/027/935/album-276833/cache/102911_girlsXC7.sJPG_900_540_0_95_1_50_50.sJPG?1362452890	
0000011100010011110000001101000001001001111111101111110111111111|0101100001011100101110101111101111111110110101011|98|98|20140310|http://imgv2-2.scribdassets.com/img/word_user/61481676/98x98/db046bf178/1347278807	
0000011101111111000001110111110010110000011000000110111101111000|0110111011011011011101001111011001101111100111111|98|98|20140119|http://imgv2-2.scribdassets.com/img/word_user/34323822/98x98/004414dfc2/1346545627	
0000100000011111001111100011110001111100011100000000111100000000|0111111011111010010001001011011111111011000010001|98|98|20140303|http://imgv2-1.scribdassets.com/img/word_user/29373622/98x98/fc0bf0792d/1344528209	
0000110000001010011001011000111111111000111111001111111011101101|1001001001100110101100111011001111111010011011011|98|98|20140304|http://imgv2-1.scribdassets.com/img/word_user/31038487/98x98/4cc557ca59/1347715017	
0000110111101101001111100111110011000000001000011000000000000000|0001011011100101010011101000101111100001110110110|98|98|20130212|http://imgv2-2.scribdassets.com/img/word_user/82962231/98x98/76d6aeecab/1344858871	
0000111100001111011100110010111100001111010101110111011101010111|0011001100111100110010011101010011101001101100011|540|491|20140301|http://mcenter.slideshowpro.com/albums/027/935/album-311263/cache/030812_AvsPredators_20.sJPG_900_540_0_95_1_50_50.sJPG?1352907910	
0000111100101111001111110001111111111111001101110000110100001110|0110011011110110001100110011011110010001001010011|440|580|20120516|http://recordonline.com/apps/pbcsi.dll/bilde?NewTbl=1&Site=TH&Date=20120516&Category=SPORTS31&ArtNo=516009996&Ref=PH&Item=2&cb=682&Maxh=500&Maxw=580&border=0&Q=80	
0000111101011111110011110000010111011111111111101111110011111111|0101000101011011101000101011100111111011100010101|212|164|20130413|http://imgv2-1.scribdassets.com/img/word_document/44404800/164x212/8eac17928b/1344535167	
0000111110000111100011001101011000111000111100101101000010000000|1101000110110011001010111000001001000101000100100|363|539|20140317|http://imgur.com/download/xeI775y/Amazing+Photoshop+skillz	
0001000011110110111110101111000110111011001111101110000110010001|1110100110011000110110101001111001100011111101010|600|800|20111008|http://imagesus.homeaway.com/mda01/683bc7e5680bc6ef1e75627ce8ea7fd0db305998	
0001001100000001100100011000000111100001111000011111101011010010|0011110000000111000101111110001100101100101000000|300|400|20120307|http://imagesus.homeaway.com/mda01/30e68dea-4ffc-4ae2-812f-cd9a9a981ced.1.12	
0001010110000001001111110101111100001110011111110111100000111110|1001110100011100011100010111001001101111011101111|540|805|20140317|http://mcenter.slideshowpro.com/albums/027/935/album-269994/cache/dp060989.sJPG_900_540_0_95_1_50_50.sJPG?1359352051	
0001011100011101001111010011111101111111010111110111110101111101|0001111111111000110001111101010011101101011111111|768|1024|20121226|http://www.chiefsplanet.com/BB/attachment.php?attachmentid=103058&d=1356478759	
0001110100001011100010111001111100101011001001010111001100110111|0111001101010001100101001100100011000000111001101|212|164|20130415|http://imgv2-1.scribdassets.com/img/word_document/88229673/164x212/ce05a41968/1342047249	
0001111001010001000100000001011000011110001101100000100100100101|0110100010111110011011110010010111110111101010101|683|914|20130717|http://www.wranglerforum.com/attachment.php?attachmentid=273707&d=1374015252	
0001111100000111011001110110001101110001000110011101100110010001|0010011001100010011101010011110100011111001100011|1875|2500|20120710|http://www.audi-sport.net/vb/microclassifieds/photos/45dacd448007f386cbe912a523f9c220.jpg	
0001111100011111000111010001101100011011000110000001000000011110|0101001101001010100100110101101011011010111010110|212|164|20130413|http://imgv2-1.scribdassets.com/img/word_document/37865899/164x212/966e044428/1307514045	
0001111100011111001011110000110000011100011111100111111000110000|0111011100111110101110111011111011111110100110111|98|98|20140317|http://imgv2-2.scribdassets.com/img/word_user/43028200/98x98/b7d8920a37/1345717543	
0010000000110101110000101100001110000010100000101101000011111100|0000000000101000011100001111100110010011011110000|683|1024|20110810|http://www.plantedtank.net/forums/attachment.php?attachmentid=33636&d=1312995771	
0010000000111010000010110011100000100111111101110000010010010000|1010011011011010001100111111111000000011010111000|361|500|20120820|http://www.recordnet.com/apps/pbcsi.dll/bilde?NewTbl=1&Site=SR&Date=20120821&Category=A_NEWS&ArtNo=820009997&Ref=PH&Item=60&cb=361&Maxh=500&Maxw=580&border=0&Q=80	
0010000010010000111110001111100001100010101000001010000011100000|0000000001111000001111000000111111101111001000010|212|164|20130412|http://imgv2-1.scribdassets.com/img/word_document/29137587/164x212/1591324b3e/1341942509	
0010010100111111011110110011001100101011101010101000000100001111|0000000111001001001111001011110011010000010110111|685|450|20030630|http://www.theroyalforums.com/forums/attachment.php?attachmentid=9880&d=1056926196	
0010011000100001111010110011111100111111001011110000111100111111|1100110010010110100100000010101001010110010101001|500|409|20130210|http://www.poconorecord.com/apps/pbcsi.dll/bilde?NewTbl=1&Site=PR&Date=20130209&Category=PHOTOS1012&ArtNo=209009996&Ref=PH&Item=5&cb=800&Maxh=500&Maxw=580&border=0&Q=80	
0010100000010101100000110101010110101110010001011000100000010101|0000001001111010100110000101101010101001001111101|242|242|20140317|http://www.chess.com/images/diagram?fen=rq6%2Fpp4Qk%2F2p3pP%2F5p2%2F2P5%2F2P1B3%2FPP3PP1%2F2K4R	
0010100011000000011110001111000000101100011000000000010011101000|1001000011001100111100011110001011010000110011111|423|594|20050704|http://www.theroyalforums.com/forums/attachment.php?attachmentid=165548&d=1120452457	
0011000001101110000011110010001100001110010010000111100000000000|0110111100110110010010111111100110011100110011110|133|298|20101002|http://bmgf.bulbagarden.net/attachment.php?attachmentid=36092	
0011011000001111000001110101000101111001000011110100001111010001|0011111111010100101111000010110011000101111000111|98|98|20140101|http://imgv2-1.scribdassets.com/img/word_user/29800639/98x98/54824471ed/1347338247	
0011011100010111101011111011001000110010010000110001111000011110|0100010001101010010111000111101111001111110010011|540|473|20140223|http://mcenter.slideshowpro.com/albums/027/935/album-305674/cache/021812_wrestling_106.sJPG_900_540_0_95_1_50_50.sJPG?1363931666	
0011011111111100000011000001001100100001111100000000110100101100|1010001001101001011100100111001110011000100110011|400|620|20140317|http://cdnl.complex.com/mp/?f=%2Fassets%2FCHANNEL_IMAGES%2FART%2F2012%2F04%2Fa9_byipl_dnhlo.jpg&w=620&h=400&q=90&interlace=0&bb=1&bg=ffffff&sig=ee57b428ef5710cf04adfe5dabd478ee	
0011100001000100001110000101101000011111000101110001011100011111|1000011100111000111100101111011100110010111001100|426|639|20110513|http://imagesus.homeaway.com/mda01/e9976379e9e7627331eb6ef8c87eeb588f5cf1ec	
0011100011100000100000101000000110000111111100011011011111111100|1000000100111110000000010010011111110101000011111|605|807|20121023|http://imagesus.homeaway.com/mda01/0703372d-21ec-4e34-a9e6-16e2f10bd385.1.10	
0011101100110001110111101100000100110111000111010100110000110010|1010011001110101001111000001111000011111101010011|343|500|20130904|http://recordnet.com/apps/pbcsi.dll/bilde?Site=SR&Date=20130903&Category=A_NEWS&ArtNo=903009999&Ref=PH&Item=157&NewTbl=1&cb=343&Maxh=500&Maxw=580&border=0&Q=80	
0011111100111111000011110000011100000111000011110001111110001111|1000111111111110011011101101101011111110011111011|768|929|20110202|http://www.bme.com/mcp_core_res/photos/dd/00/dd00f5c2d1730c7c1a145cfc16a87b21_jpg_1024x768_first-0_second-3_watermark_q85.jpg/ad250b4701048704b9e3c5bbc0749337/50c6bdd0	
0011111101110001010110000000101010011111110100110101100001010001|0001101100111000101100111001101111011000111011011|540|845|20140316|http://mcenter.slideshowpro.com/albums/027/935/album-204222/cache/fairviewHR16.sJPG_900_540_0_95_1_50_50.sJPG?1360850853	
0011111101111111111111110101111111000010110000001100111011000000|0001100001001111110010101101001001100001111110011|212|164|20130414|http://imgv2-2.scribdassets.com/img/word_document/64843278/164x212/ab013736dc/1338839797	
0100100001100000000000000000010000111111010111010111110011111100|1100101100010000110100110111101101001011010110011|212|320|20140317|https://www.discovernorthernireland.com/image.aspx?ImageID=50093&Width=0&Height=300&Bg=	
0101100001010000001100000010110001011000010111000000100000001000|1100100111110010110000111011001101100101111001111|612|792|20111218|http://miamiherald.typepad.com/.a/6a00d83451b26169e20162fdffc135970d-pi	
0101101100010011001110111010111011111111110011100000011100000011|0100101000011110100001001000000101110000001001000|683|1024|20140317|http://www.hearth.com/talk/attachments/img_3573-jpg.28769/	
0110000001010001010000110110100101101001011000111100001111111111|1101011101011011101101011011110011100101110100110|41|75|20120521|http://www.ask.com/avatar/readfile?f=c6164fca-eca7-4393-a48f-2231b770ecf6.png&ja_mob_engine_id=readavatar	
0110010001011001010110100101000001000100010000100110101101100100|0110011100111110100111111111000001101100001111111|500|375|20121031|http://www.recordonline.com/apps/pbcsi.dll/bilde?NewTbl=1&Site=TH&Date=20121031&Category=NEWS35&ArtNo=103109998&Ref=PH&Item=25&cb=512&Maxh=500&Maxw=580&border=0&Q=80	
0110011100000001111011111011111110111010100011011000111110110111|1100100011010000100001001000001111010110011011001|400|221|20050709|http://www.theroyalforums.com/forums/attachment.php?attachmentid=166971&d=1120937388	
0110100001000111000000110110111110000100011000011100110110110001|0110010000001010001001101000001101001111101111001|328|504|20091013|http://www.poconorecord.com/apps/pbcsi.dll/bilde?Site=PR&Date=20090613&Category=PHOTOS1016&ArtNo=613007&Ref=PH&Item=10&NewTbl=1&cb=328&Maxh=500&Maxw=580&border=0&Q=80	
0111001001000010111001011010100110111111110110111101101111011011|0110001110010001101110100111110101110100111110101|300|200|20140317|http://www.gatech.edu/hg/image/70926	
0111001100111110011010011110110010000110011001001100000010000010|0001011000111100101110110101111000011010010100011|280|373|20070923|https://advice.thisoldhouse.com/attachment.php?attachmentid=205&d=1190515922	
0111010000111101000100000011100000100000000011001010100011101111|1000101011001011101001100000001100111110000101100|98|98|20140203|http://imgv2-1.scribdassets.com/img/word_user/36127612/98x98/a659df8d60/1345241080	
0111100001111100011111100111000001100000011111100110011001000010|1001111011011011100111101111110011101111001111011|98|98|20140305|http://imgv2-1.scribdassets.com/img/word_user/46861997/98x98/d349e8f6a5/1346518437	
0111100011110010110001101000001110000111111111111111111101111111|1101111100100110110110101111110011011110100011010|1036|1555|20140307|http://similac.com/community/boards/cfs-file.ashx/__key/telligent-evolution-components-attachments/13-11-00-00-00-03-72-71/IMG_5F00_0866_5F00_1_5F00_1.JPG	
0111101001010110000111111110011011010010011011111100000011101100|0101100100001111001010011110110011100001110101001|100|100|20130731|http://l-userpic.livejournal.com/58254084/1030798	
0111110000010010110000001101000011110001110000001111000011111100|0001111100000101100001001011101011011100000000011|540|810|20140316|http://mcenter.slideshowpro.com/albums/027/935/album-292085/cache/123011_russiansub08.sJPG_900_540_0_95_1_50_50.sJPG?1358739632	
0111111101111111111100010110001110000011100000111111111111111111|0000000001001011001110010010100100001111000110101|500|500|20130806|http://iw.suntekstore.com/office_cache/254/14002303/iw1372228366_14002303_1_image.jpg	
1000010011000001111101011101100100110101101110001111000111010010|0111000111000100111110010011110010000110000000010|1120|1500|20120613|http://www.mustangv8.com/fr/votre-mustang-et-vous/the-blue-beast/?action=dlattach;attach=111262;image	
1000010111000111100010111000001110000001100000011100010110001101|0010011001001110010100001100011100000011011001110|996|672|20140317|http://www.moviereviews.com/media/W1siZiIsIjIwMTMvMDUvMDQvMTkvMzEvMzEvNjgzL2xqQVRubWVNRDA5TFJDbUdOU1h3SWZDSzBmVS5qcGciXV0	
1000011000110010100001111010011110100011001100110011111111110000|0110110101100000011011010011001101111110110011011|212|164|20130410|http://imgv2-1.scribdassets.com/img/word_document/13029993/164x212/bc526759aa/1338842856	
1000011110000001100000001001000010010000100100101000000111111111|1100000000000000000000000010000000000000100000001|212|164|20130411|http://imgv2-1.scribdassets.com/img/word_document/23800099/164x212/245e7ba1c8/1342049308	
1001000010000010110100001101010011100001110001101100010011111010|0111100000111100000111000000001010001000000000000|600|800|20120505|http://imagesus.homeaway.com/mda01/b92748f4-2d11-4400-b45e-adf289e4e9c9.1.10	
1001100011011000101101001110110010000000110100001000100000000000|1011100100110110011000110011011001001100100110001|98|98|20140122|http://imgv2-2.scribdassets.com/img/word_user/35179686/98x98/5a32d546e6/1345721573	
1001110011100101101110011000001101000111000111110110011101000000|1111111101000000010000001101000110110011011000100|1820|2427|20140317|http://imgur.com/download/KVolE	
1010000011100000111101101111011001100010111101001111010011110100|0101001100101001001110000010000000000010010000110|1024|768|20131218|http://miamiherald.typepad.com/.a/6a00d83451b26169e2019b03322063970d-pi	
1010000011100001011000011100000011100001110000001110000011100000|0000010101010000111000000100001010000000111100010|480|720|20140317|http://lensbaby.com/forum/file.php?10,file=37894	
1010010100111100011011010001100100011000100000111010100100111100|1000101001111111110011001100011011111001101110011|540|822|20140219|http://mcenter.slideshowpro.com/albums/027/935/album-274465/cache/102211_softball32.sJPG_900_540_0_95_1_50_50.sJPG?1353551471	
1010011100001011000011111001111010011110111111111111100011111000|0010011110001111001101011100100101010001001000100|98|98|20131031|http://imgv2-2.scribdassets.com/img/word_user/72969697/98x98/72fef21c8c/1345675366	
1010101100001100110111100011101010011011010110011000000001111011|0011110101010111010100001110101101110011001110110|98|98|20140221|http://imgv2-1.scribdassets.com/img/word_user/32913565/98x98/96c14cedc9/1347045439	
1010101100010101001010110100110110001010010100010010000000010101|1100101001111011100010110100100010100000011010101|242|242|20140317|http://www.chess.com/images/diagram?fen=2r3k1%2Fpp4pb%2F4p2p%2Fq2p4%2F3P1QN1%2FP1P2P2%2F6PP%2FR1R4K	
1011111110000011000000010000000100000001000000000000000110001011|0010100001010000001000010000100101010000000101001|98|98|20140305|http://imgv2-2.scribdassets.com/img/word_user/58833438/98x98/b86ba9225a/1344711416	
1100000011001100111111001001111010011110110111001111110010000000|0100111110111000000000101101000111001000001100001|300|400|20120308|http://imagesus.homeaway.com/mda01/6577742a-c733-44f7-be8f-0f65c93dbfc5.1.12	
1100000011010000100000001100000011000000111001001111000011110100|0000111000110000000000000000111000001000000001100|98|98|20130907|http://imgv2-3.scribdassets.com/img/word_user/80178200/98x98/efb85ad144/1344782107	
1100000011100000110000001111000011110000111001001011000111100101|1010001011000000000100000000000000001000001101000|525|350|20041228|http://www.theroyalforums.com/forums/attachment.php?attachmentid=72201&d=1104246024	
1100000011101011110000110000000110110101101110011111001110111001|0111111100100111111000001111111000001001111110001|640|424|20121106|http://imagesus.homeaway.com/mda01/c8532fe6-6774-4eb5-b455-a0637e0de945.1.10	
1100000110000000011001101100101010110111101101011111100111001101|1010000010000101010110100001010000100001010010000|440|412|20111128|https://www.rei.com/zoom/ff/ffb1e7f9-f2ab-4f65-bde6-108055bc6a32.jpg/440	
1100100011111001101100000101000011110000110000001110000000000000|0000000010000111100000000110101001000010101001110|540|793|20140309|http://mcenter.slideshowpro.com/albums/027/935/album-297804/cache/012312_alabama50.sJPG_900_540_0_95_1_50_50.sJPG?1367484983	
1100111111001111010111000111111001101110011010111110111111111111|0111010111111001001010000000000000000010000000100|440|155|20100322|https://www.rei.com/zoom/cc/7b777938-a133-4e49-9643-26824ddcb6c1.jpg/440	
1101010010111111111100111110011011100100010110001111100011111100|1111111100110010100001010000101010000111001000101|664|1000|20121105|http://imagesus.homeaway.com/mda01/de1c0ae8-9e9b-4977-80ec-593cbbbc8d96.1.10	
1110000010000111010001111000111111101111111111111111001111110000|0011110100110010000001000000011001010100001000001|98|98|20130429|http://imgv2-2.scribdassets.com/img/word_user/28961991/98x98/8b9000cfb4/1347276735	
1110000011100000011100000110011100000000010111110111000011100000|1100000110011100001001100011000000011000001001110|98|98|20130629|http://imgv2-1.scribdassets.com/img/word_user/43308230/98x98/d60f76160c/1337039483	
1110000011101110111001101110000011100000111010001110010011100000|0110010000000011010000000100100000000010011100011|950|1024|20110304|http://latimesblogs.latimes.com/.a/6a00d8341c630a53ef0147e2f9c71e970b-pi	
1110000111100000110000001110010011000000110000001000000011111110|1000011000000001110010010011011111000100000010000|216|312|20100204|http://imagesus.homeaway.com/mda01/b730b901b750b80412856631f1c6c4151a41b9ff	
1110000111101001111010011110100111100001111011011110000111100001|1001001011001101101100001101011001100101000100000|120|120|20131004|http://images.samsung.com/is/image/samsung/ae_LA40D503F7RXZN_001_Front_thumb?$S1-Thumbnail$	
1110001001000000111000100001010101111110011111101110000001111010|1110000110010000100001101100110010000100000100100|407|580|20110723|http://mailtribune.com/apps/pbcsi.dll/bilde?Site=MM&Date=20110722&Category=MEDIA01&ArtNo=722009998&Ref=PH&Item=6&NewTbl=1&cb=449&Maxh=500&Maxw=580&border=0&Q=80	
1110001111000111110001110000111111110011111000011111001011110011|1111011101101011011111010101101101101100101101101|280|370|20121025|http://imagesus.homeaway.com/mda01/51d3720d-df1a-4af3-af76-675aebf41ddb.1.10	
1110001111100111111000111100101111000110110011011000111110100011|1100111000011001100000001100000100100110000010100|98|98|20140302|http://imgv2-1.scribdassets.com/img/word_user/103954797/98x98/e0a57600d8/1347636556	
1110011111000000111000001111111011100000100000001111111100000000|1000010010000101000000000000000000100110000000001|540|695|20140314|http://mcenter.slideshowpro.com/albums/027/935/album-280014/cache/110911_handm02.sJPG_900_540_0_95_1_50_50.sJPG?1355267094	
1110011111000011111111111110011111100111000011111000010011000011|1100000011100000000111100010001111000000011101000|230|348|20110615|http://mailtribune.com/apps/pbcsi.dll/bilde?NewTbl=1&Site=MM&Date=20110307&Category=CONTESTS&ArtNo=307009995&Ref=PH&Item=14&cb=230&Maxh=500&Maxw=580&border=0&Q=80	
1110100110111101101111010111111100010111111000111111101110111011|1011010111111011000010000000100010011100111000111|800|600|20130609|http://iw.suntekstore.com/clothes_cache/263/12008650/iw1337840778_12008650_12_image.jpg	
1110101011000000101000001100000011101000101010001001010010000000|1000001000011110000001100000110001011000000000000|540|829|20140314|http://mcenter.slideshowpro.com/albums/027/935/album-231778/cache/05211_bosnia26.sJPG_900_540_0_95_1_50_50.sJPG?1355132913	
1110111111000000101110001101111011111110110000011111111011111100|1101011110101001101000010101100111010010111111011|64|64|20140317|http://www.freepressseries.co.uk/resources/images/2210706/?type=article	
1110111111000000111000111010000011100011111000001110000011111110|0100100001100010101000011100001000000001000001110|450|600|20140317|http://o5.aolcdn.com/dims-shared/dims3/PATCH/resize/600x450/http:/hss-prod.hss.aol.com/hss/storage/patch/7f880e633267bc2987f25cb87e91eae4	
1110111111110111111100111110001111100011111100111111011111101111|0000000001001001000100011001000000110011010110010|750|500|20130831|http://img.hottopic.com/is/image/HotTopic/507403_av1?wid=500&fmt=jpeg&qlt=90&op_sharpen=1&resMode=bicub&op_usm=0.0,0.0,0,0&iccEmbed=0	
1111000000000011000000111000001110000011110000001000001011100011|1000000100000010100000100000100100110010000001100|440|351|20131108|http://www.rei.com/zoom/mm/d4dc7489-f555-41ca-b53f-3df1cbd1f9ff.jpg/440	
1111000010111000111100001111100011110000111100001111100011111000|0111111100100110000000010001011100011000000000000|1424|1413|20140317|http://www.theclassicalshop.net/download_file.aspx?file=CX%209257.jpg	
1111000011000001110100101101110101011101110100001100000111111000|0100110110001110000110010011111101010001000100100|540|751|20140308|http://mcenter.slideshowpro.com/albums/027/935/album-272626/cache/dp171432.sJPG_900_540_0_95_1_50_50.sJPG?1360403557	
1111000011010111111100001111110010000110111110000011001000000000|1111011001100110001001111111100010011010000100111|960|1280|20140317|http://imgur.com/download/sEuSE/Ceci%20n'est%20pas%20une%20pipe	
1111000011110000111000011110000111101000111000001110000001110000|1111100100000010100110011000010011001000111000000|2400|1800|20120229|http://legacygt.com/forums/attachment.php?attachmentid=113340&d=1330551029	
1111000011111000100110101001100011111000000010001001010000001000|0001101011101011000110000101111011001111111100000|469|580|20130628|http://www.recordonline.com/apps/pbcsi.dll/bilde?NewTbl=1&Site=TH&Date=20130627&Category=NEWS&ArtNo=627009998&Ref=PH&Item=5&cb=728&Maxh=500&Maxw=580&border=0&Q=80	
1111000011111011101110101101000010000000111000001111110011111110|0101010000011001010011010100110110110001010110001|98|98|20131226|http://imgv2-1.scribdassets.com/img/word_user/39264600/98x98/26f7ac1cc0/1343796125	
1111000111110011101111001111100111000100111000000111000001111000|1111110000010011000010010000000010000110110000001|975|1294|20111125|http://i1220.photobucket.com/albums/dd456/natipacle/131Sabba-5yroldMosheTuviasFamily.jpg	
1111001011000000110000000110000000100000101101001111000011010000|0100001101110010001111000010100111000101111000110|599|799|20130618|http://www.wranglerforum.com/attachment.php?attachmentid=262717&d=1371507805	
1111001111000010111000111111010011110100010000001000000011100000|0100100010100000111000100000000100010000010000111|640|960|20131216|http://www.buffalonews.com/storyimage/BN/20131215/CITYANDREGION/131219286/AR/0/AR-131219286.jpg&maxW=960	
1111001111000100110011100111111000001100111000000111000011111000|0110000100001001001110011100000010001111000011000|98|98|20121213|http://imgv2-2.scribdassets.com/img/word_user/52042336/98x98/a20fa72def/1345448497	
1111010011110000111000001000110010000000100000001100000011111000|1000110100000001111100011010011000000011000000001|98|98|20130111|http://imgv2-2.scribdassets.com/img/word_user/44512453/98x98/5fa6c576a3/1340962798	
1111011111110111111111111111111111111111111001101110001011110000|0011000100010011001000011010110010110110101010001|88|98|20140218|http://imgv2-1.scribdassets.com/img/word_user/78622208/98x98/54f2eb9b0b/1346393949	
1111100010000000000110000001000001111000011111110111111011111100|1111100111110000000011010010000010000010011000010|98|98|20130725|http://imgv2-2.scribdassets.com/img/word_user/30223177/98x98/7aac89882b/1345112638	
1111100011000000011001101110110110010111010000000100011101000101|1001011101010010011000001111000000110110010110110|540|440|20140317|http://mcenter.slideshowpro.com/albums/027/935/album-299213/cache/NorthBBsn010.sJPG_900_540_0_95_1_50_50.sJPG?1360610267	
1111100011111000101011001100000011111100111111001111110011111100|0110101001110100011011100110110010101100010011001|385|580|20121022|http://www.recordonline.com/apps/pbcsi.dll/bilde?NewTbl=1&Site=TH&Date=20121022&Category=SPORTS02&ArtNo=102209998&Ref=PH&Item=2&cb=1196&Maxh=500&Maxw=580&border=0&Q=80	
1111100011111000111110001111100011111000111100000000000000000000|1000000010010000010000010000000100000000000000000|212|164|20140317|http://imgv2-1.scribdassets.com/img/word_document/63552626/164x212/eb224e80e5/1342003669	
1111100011111000111111001100111011101110100001001111000011000000|1001010100100010010010100101100010000100100000000|300|400|20120816|http://imagesus.homeaway.com/mda01/f015de99-91a2-474a-a8ac-4ecf4cbc9696.1.10	
1111100011111011101110001000100000100000010111011111101110000000|1010101110010001100101010010011100110110000001110|98|98|20130808|http://imgv2-1.scribdassets.com/img/word_user/55852306/98x98/9e8087a333/1344673972	
1111100011111100100010001000000010010000111111001111100011111111|0110100100000010010010100111100101101111000111110|98|98|20131216|http://imgv2-2.scribdassets.com/img/word_user/30114119/98x98/c3e0031d73/1345736202	
1111110000111000011111100001111100011111000011000000000011000000|0010011111111010000101110010010010100000000010010|98|98|20131022|http://imgv2-1.scribdassets.com/img/word_user/41456502/98x98/8f7a164b7d/1345896545	
1111110010000000000000001110010011111000000000011111001111111011|1011000011000110010011001000100010000010100000000|98|98|20140202|http://imgv2-2.scribdassets.com/img/word_user/22311441/98x98/adb9decdf5/1346150667	
1111110011111110100010110000001100000011000000001000111011111111|0001010101101010000000100000011011000011101011001|98|98|20080101|http://imgv2-1.scribdassets.com/img/word_user/50599929/98x98/1c41f8fdb8/1345685273	
1111110011111110111101101111100111110101111111101111110011111100|0000000100000010000000000000000100000000000000010|261|200|20140317|http://economictimes.indiatimes.com/photo/5007655.cms	
1111110110001100100001001000010110000101000011001000110011111101|1100000100000100000110000100011110110001000111110|800|800|20140317|http://www.rushimprint.com/ajax_handler.php?page=get_product_image&pID=41243	
1111110110001111000011101110000011110000111000000000000000011111|0110101001100011011101101111010100000110010011010|98|98|20140120|http://imgv2-1.scribdassets.com/img/word_user/65375805/98x98/1c9f3c3332/1344535241	
1111110111101111001011110010110110100001111110110010000100000001|1010010100010011001101001110100000000100000111000|800|600|20140317|http://www.thedentedhelmet.com/attachments/f68/painting-commission-request-boushh-leai_e10.jpg-43620d1273509909	
1111111010110110111111101100011111110011100100000000000000000000|0010100101001010011110101101011101100110111000110|768|884|20121026|http://imagesus.homeaway.com/mda01/14e5be7a-075d-4a9d-bdc9-9be94e257b74.1.10	
1111111011110011111011111111111110000111110110111000011110000011|1000011011011010010100110100101101110100010111100|380|580|20091029|http://static.rcgroups.net/forums/attachments/1/5/7/8/9/a2844259-31-blinky_version.jpg	
1111111011111100111100001111001011000000110001001111110001111110|1000100001000101101000100101110001101100010001001|768|512|20120913|http://imagesus.homeaway.com/mda01/50e57048-246a-4e0a-98d8-346cfa390b08.1.10	
1111111100000010000000100000011010000011000000110000001100001011|1010110110101001010011011011010101111101000101100|520|924|20111105|http://imagesus.homeaway.com/mda01/bd7b93c3bdab92c921926051ccc709fdd71df5b6	
1111111100001111100111110000000011111111111100001111100100000000|1111111111111111011101111111111111011111111101010|50|50|20140317|http://annals.org/Telerik.Web.UI.WebResource.axd?type=cah&guid=c9ec9ac7-2a6e-4f6c-ab86-565bec3590ca	
1111111100001111100111110000000011111111111100001111100100000000|1111111111111111011101111111111111011111111101010|50|50|20140317|http://archinte.jamanetwork.com/Telerik.Web.UI.WebResource.axd?type=cah&isc=false&guid=1a978e02-2405-408b-8828-dee1be439d9f	
1111111100001111100111110000000011111111111100001111100100000000|1111111111111111011101111111111111011111111101010|50|50|20140317|http://archinte.jamanetwork.com/Telerik.Web.UI.WebResource.axd?type=cah&isc=false&guid=92953111-43af-4bc8-b7b9-526f1f8c6774	
1111111100001111100111110000000011111111111100001111100100000000|1111111111111111011101111111111111011111111101010|50|50|20140317|http://archpsyc.jamanetwork.com/Telerik.Web.UI.WebResource.axd?type=cah&isc=false&guid=03bc8b95-cead-46a4-9dc9-85530ad29929	
1111111100001111100111110000000011111111111100001111100100000000|1111111111111111011101111111111111011111111101010|50|50|20140317|http://archpsyc.jamanetwork.com/Telerik.Web.UI.WebResource.axd?type=cah&isc=false&guid=421849af-fcaf-4f4f-8934-ad7a9a5df7b4	
1111111100001111100111110000000011111111111100001111100100000000|1111111111111111011101111111111111011111111101010|50|50|20140317|http://jama.jamanetwork.com/Telerik.Web.UI.WebResource.axd?type=cah&isc=false&guid=51c0fdff-a61e-40a0-9997-04b7c9fed89f	
1111111101011111111010111111111111111111111111110111111111111111|1001010111000001101010010101001111111110001001010|212|164|20130410|http://imgv2-3.scribdassets.com/img/word_document/6402994/164x212/b731f28a87/1341984505	
1111111101110011011010000111110010011100110101000100000000100000|0101001010010101111000011110101000010110000000000|98|98|20140108|http://imgv2-1.scribdassets.com/img/word_user/89001576/98x98/5f5bf0fcf6/1346552534	
1111111101111111001011110011111100101111001111110111111111111111|1101100101000000100111010011110000000011111101100|212|164|20130414|http://imgv2-2.scribdassets.com/img/word_document/62668599/164x212/b5c165c23c/1341949937	
1111111110000011111010111110101110000011101100111110110111111111|0000110111110111110011000101101000000110011001110|212|164|20130410|http://imgv2-1.scribdassets.com/img/word_document/1522856/164x212/ee989f801f/1344281422	
1111111110000111110001111100001110111111111111111111111111111111|1101001100001000001100000110001000101100010010110|212|164|20130410|http://imgv2-2.scribdassets.com/img/word_document/1757923/164x212/fd274f2405/1342031323	
1111111110001001100001010010010100110101101101011111011111111111|0110110001001010000011000000100100001011000110110|212|164|20130411|http://imgv2-1.scribdassets.com/img/word_document/23387216/164x212/9ad677761f/1341962795	
1111111110001001101010011010101110111111101111111011111111111111|0001111000010010000001000100100000000000000000100|212|164|20130410|http://imgv2-1.scribdassets.com/img/word_document/8111738/164x212/4a3626a0cf/1340812870	
1111111110010010100110101101101011011011110111111101111111111111|1111010100010000001010100101000011000010001110000|212|164|20130413|http://imgv2-1.scribdassets.com/img/word_document/50830483/164x212/b91d969d42/1341963674	
1111111110010101100100011001100110011001100110011111100111111111|1100010101001000110001001000000110000011000100011|212|164|20130412|http://imgv2-2.scribdassets.com/img/word_document/29476643/164x212/1a23f0f6f6/1342089975	
1111111110011000000110000011111000111110000110101001100011111111|1000010010000100100010100011110110101001100110010|2866|1985|20140317|http://www3.familyoldphotos.com/image/view/27143/_original	
1111111110101111101001111011000011111110111111111111111111111111|1101110101100000100010000100010000011000001100100|212|164|20130414|http://imgv2-1.scribdassets.com/img/word_document/59277326/164x212/92252bfde5/1342096003	
1111111111000111110001011100110111000101110001111110011111111111|0110000000100110001110001101010100100110000011000|212|164|20130413|http://imgv2-1.scribdassets.com/img/word_document/38575895/164x212/3e45ab548e/1341969705	
1111111111010111110101011101000011010111110101011101111111111111|1001010000010101101011010110100100000010010100101|212|164|20130413|http://imgv2-1.scribdassets.com/img/word_document/37060868/164x212/82588da3f9/1341953407	
1111111111011001110110111101101111111011111110011011100111111011|1110001001100000111101000010000110010100001000011|212|164|20130413|http://imgv2-3.scribdassets.com/img/word_document/52111463/164x212/327a06b5e2/1341953236	
1111111111011011110010111000101110011011110110110111101111111111|0111100101000110000110011011000101111100001100000|212|164|20130415|http://imgv2-2.scribdassets.com/img/word_document/94659402/164x212/6569c72d48/1341956451	
1111111111011111100001001000010010000100100001001000010011111111|1000000100100010010001001000001001100000010010011|3963|4200|20140205|http://www.plosbiology.org/proxy/article/info:doi/10.1371/journal.pbio.0030225.g010/largerimage	
1111111111100000111000001110000011100000111000001110000011111111|0000000001100001000000011000010000000110001100000|212|164|20130413|http://imgv2-2.scribdassets.com/img/word_document/36748066/164x212/76cdd66105/1339128342	
1111111111100111110001111100001111000011111000111110011111111111|0011000100001110000010001100000010000011000010000|135|180|20121213|http://slickdeals.net/forums/attachment.php?attachmentid=1639892&d=1355393285	
1111111111110101110100011111000111110011111100111111111111111111|0110000100000010001100011111000110111110000111000|212|164|20130414|http://imgv2-1.scribdassets.com/img/word_document/59982868/164x212/be7c695e03/1342094354	
1111111111110111101001111011011110100111011101001111110011111111|0110011110000010000001000000000111000111000000111|212|164|20130413|http://imgv2-2.scribdassets.com/img/word_document/39398890/164x212/6d6299840c/1340180382	
1111111111111100111110001000000010000000110110001111100011111111|0000000000000001000010110110100000001011001000000|98|98|20140314|http://imgv2-1.scribdassets.com/img/word_user/164477/98x98/455f96bf6b/1342071322	
1111111111111100111110001000000010000000110110001111100011111111|0000000000000001000010110110100000001011001000000|98|98|20140314|http://imgv2-1.scribdassets.com/img/word_user/59485651/98x98/cf2a9053e9/1343986139	
1111111111111100111110001000000010000000110110001111100011111111|0000000000000001000010110110100000001011001000000|98|98|20140314|http://imgv2-2.scribdassets.com/img/word_user/2807037/98x98/86272f3236/1338967560	
1111111111111100111110001000000010000000110110001111100011111111|0000000000000001000010110110100000001011001000000|98|98|20140317|http://imgv2-1.scribdassets.com/img/word_user/10129274/98x98/f3a1f6cc72/1342073489	
1111111111111100111110001000000010000000110110001111100011111111|0000000000000001000010110110100000001011001000000|98|98|20140317|http://imgv2-1.scribdassets.com/img/word_user/230854/98x98/f49b45439d/1347281106	
1111111111111100111110001000000010000000110110001111100011111111|0000000000000001000010110110100000001011001000000|98|98|20140317|http://imgv2-1.scribdassets.com/img/word_user/27094944/98x98/fe90ad911c/1337732018	
1111111111111100111110001000000010000000110110001111100011111111|0000000000000001000010110110100000001011001000000|98|98|20140317|http://imgv2-2.scribdassets.com/img/word_user/82126684/98x98/8d184c7166/1345702456	
1111111111111100111110001000000010000000110110001111100011111111|0000000000000001000010110110100000001011001000000|98|98|20140317|http://imgv2-3.scribdassets.com/img/word_user/529102/98x98/e63eb44606/1342026715	
1111111111111101111110001000000010000000111110001111111011111111|1101011100100100100110111110010010010110101111010|169|225|Tue, 09 Aug 2011 10:46:58 G46A|http://www.goblueraiders.com/content.cfm/id/54042	
1111111111111111000000110000001100000011111111111111111111111111|0101000101101000110010101000001000100001000010010|105|187|20140215|http://www.trbimg.com/img-50187cb0/turbine/sns-rt-us-exercisebre86u1ig-20120731/187/16x9	
1111111111111111100010111000001100000001111100001111111111111111|0110101101000010010100111111010010011010110110100|1002|1002|20130831|http://s7d5.scene7.com/is/image/SummitSports/252327_252327_1?$max$	
1111111111111111100110011011101111000011110000111100011111111111|1000011001011101111001110010100101111011000110100|212|164|20110825|http://imgv2-1.scribdassets.com/img/word_document/63060831/164x212/0d7aaac6a5/1341947648	
1111111111111111100111111010111110101111101111110111111111111111|1101101001001000100100010010001001011011011101101|212|164|20130414|http://imgv2-2.scribdassets.com/img/word_document/63865540/164x212/59174f132a/1341943146	
1111111111111111101111111011111110111111101111111111111111111111|0001100100010001100111001110100000001101010011111|212|164|20130415|http://imgv2-2.scribdassets.com/img/word_document/90854980/164x212/976d4ff35a/1341943715	
1111111111111111110000100000000000000000101100001111100010101110|0110000000000100000000011001000100011111000100000|98|98|20131003|http://imgv2-3.scribdassets.com/img/word_user/63064270/98x98/e4f35e4430/1338388187	
1111111111111111111001011110010101110101111101011111111111111111|0110001101110010011100000111011000111100000000100|212|164|20130412|http://imgv2-2.scribdassets.com/img/word_document/29469406/164x212/a9cea90cd6/1307500889	
1111111111111111111110111011101110011011111110111011101111111011|0001000000100001101010000100110001010000101101011|212|164|20130414|http://imgv2-2.scribdassets.com/img/word_document/53535080/164x212/39135d8f6f/1346902151	
1111111111111111111111111100001111000011111111111111111111111111|0010100100001010000000101000010100000111100010100|397|397|20130810|http://www.rossignol.com/tzr/scripts/resizer.php?filename=TECH1011/img1/ff/58/d68hw7tyc3h5s&mime=image%2Fjpeg&originalname=R1213_TOSCREW.jpg&t=R1213_TOSCREW.jpg	
1111111111111111111111111111101111111011111111111111111111111111|0000000001000001000001101011001110000111111000011|212|164|20130413|http://imgv2-2.scribdassets.com/img/word_document/47963045/164x212/2a613c9f23/1342050757	
1111111111111111111111111111111111111111111111111111111111111111|1000001010110100111100110100011110000100101100000|288|288|20140317|http://imgur.com/download/FAsvq/UniformCircularMotion	
